Grid,Hotspot
1,0
2,0
3,0
4,0
5,0
6,0
7,0
8,0
9,0
10,0
11,0
12,0
13,0
14,0
15,0
16,0
17,0
18,0
19,0
20,0
21,0
22,0
23,0
24,0
25,0
26,0
27,0
28,0
29,0
30,0
31,0
32,0
33,0
34,0
35,0
36,0
37,0
38,0
39,0
40,0
41,0
42,0
43,0
44,0
45,0
46,0
47,0
48,0
49,0
50,0
51,0
52,0
53,0
54,0
55,0
56,0
57,0
58,0
59,0
60,0
61,0
62,0
63,0
64,0
65,0
66,0
67,0
68,0
69,0
70,0
71,0
72,0
73,0
74,0
75,0
76,0
77,0
78,0
79,0
80,0
81,0
82,0
83,0
84,0
85,0
86,0
87,0
88,0
89,0
90,0
91,0
92,0
93,0
94,0
95,0
96,0
97,0
98,0
99,0
100,0
101,0
102,0
103,0
104,0
105,0
106,0
107,0
108,0
109,0
110,0
111,0
112,0
113,0
114,0
115,0
116,0
117,0
118,0
119,0
120,0
121,0
122,0
123,0
124,0
125,0
126,0
127,0
128,0
129,0
130,0
131,0
132,0
133,0
134,0
135,0
136,0
137,0
138,0
139,0
140,0
141,0
142,0
143,0
144,0
145,0
146,0
147,0
148,0
149,0
150,0
151,0
152,0
153,0
154,0
155,0
156,0
157,0
158,0
159,0
160,0
161,0
162,0
163,0
164,0
165,0
166,0
167,0
168,0
169,0
170,0
171,0
172,0
173,0
174,0
175,0
176,0
177,0
178,0
179,0
180,0
181,0
182,0
183,0
184,0
185,0
186,0
187,0
188,0
189,0
190,0
191,0
192,0
193,0
194,0
195,0
196,0
197,0
198,0
199,0
200,0
201,0
202,0
203,0
204,0
205,0
206,0
207,0
208,0
209,0
210,0
211,0
212,0
213,0
214,0
215,0
216,0
217,0
218,0
219,0
220,0
221,0
222,0
223,0
224,0
225,0
226,0
227,0
228,0
229,0
230,0
231,0
232,0
233,0
234,0
235,0
236,0
237,0
238,0
239,0
240,0
241,0
242,0
243,0
244,0
245,0
246,0
247,0
248,0
249,0
250,0
251,0
252,0
253,0
254,0
255,0
256,0
257,0
258,0
259,0
260,0
261,0
262,0
263,0
264,0
265,0
266,0
267,0
268,0
269,0
270,0
271,0
272,0
273,0
274,0
275,0
276,0
277,0
278,0
279,0
280,0
281,0
282,0
283,0
284,0
285,0
286,0
287,0
288,1
289,0
290,0
291,0
292,0
293,0
294,0
295,0
296,0
297,0
298,0
299,0
300,0
301,0
302,0
303,0
304,1
305,0
306,0
307,0
308,0
309,0
310,0
311,0
312,0
313,0
314,0
315,0
316,0
317,0
318,0
319,0
320,0
321,0
322,0
323,0
324,0
325,0
326,0
327,0
328,0
329,0
330,0
331,0
332,0
333,0
334,0
335,0
336,0
337,0
338,0
339,0
340,0
341,0
342,0
343,0
344,0
345,0
346,0
347,0
348,0
349,0
350,0
351,0
352,0
353,0
354,0
355,0
356,0
357,0
358,0
359,0
360,0
361,0
362,0
363,0
364,0
365,0
366,0
367,0
368,0
369,0
370,0
371,0
372,0
373,0
374,0
375,0
376,0
377,0
378,0
379,1
380,0
381,0
382,0
383,0
384,1
385,0
386,0
387,0
388,0
389,0
390,0
391,0
392,0
393,0
394,0
395,0
396,0
397,0
398,0
399,0
400,0
401,0
402,0
403,0
404,0
405,0
406,0
407,0
408,0
409,0
410,0
411,0
412,0
413,0
414,0
415,0
416,0
417,0
418,0
419,0
420,0
421,0
422,0
423,1
424,0
425,0
426,0
427,0
428,0
429,0
430,0
431,0
432,0
433,0
434,0
435,0
436,0
437,0
438,0
439,0
440,0
441,0
442,0
443,0
444,0
445,0
446,0
447,0
448,0
449,0
450,0
451,0
452,0
453,0
454,0
455,0
456,0
457,0
458,0
459,1
460,0
461,0
462,0
463,0
464,0
465,0
466,0
467,0
468,0
469,1
470,1
471,1
472,1
473,0
474,0
475,0
476,0
477,0
478,0
479,0
480,0
481,0
482,0
483,0
484,0
485,0
486,0
487,0
488,0
489,0
490,0
491,0
492,0
493,0
494,0
495,0
496,0
497,0
498,0
499,0
500,0
501,0
502,0
503,0
504,0
505,0
506,0
507,0
508,0
509,0
510,0
511,0
512,0
513,0
514,0
515,1
516,1
517,0
518,1
519,0
520,0
521,0
522,0
523,0
524,0
525,0
526,0
527,0
528,0
529,0
530,0
531,0
532,0
533,0
534,0
535,0
536,0
537,0
538,0
539,0
540,0
541,0
542,0
543,0
544,1
545,0
546,0
547,0
548,0
549,0
550,0
551,0
552,0
553,0
554,0
555,0
556,0
557,0
558,0
559,0
560,0
561,0
562,0
563,1
564,0
565,1
566,1
567,0
568,0
569,0
570,0
571,0
572,0
573,0
574,0
575,0
576,0
577,0
578,0
579,0
580,0
581,0
582,0
583,0
584,0
585,0
586,0
587,0
588,0
589,0
590,0
591,0
592,0
593,0
594,0
595,0
596,0
597,0
598,0
599,0
600,0
601,0
602,0
603,0
604,0
605,0
606,0
607,0
608,0
609,0
610,0
611,1
612,1
613,0
614,0
615,0
616,1
617,0
618,1
619,0
620,0
621,0
622,0
623,0
624,0
625,0
626,0
627,0
628,0
629,0
630,0
631,0
632,0
633,0
634,0
635,0
636,0
637,0
638,0
639,0
640,0
641,0
642,0
643,0
644,0
645,0
646,0
647,0
648,0
649,0
650,0
651,0
652,0
653,0
654,0
655,0
656,0
657,0
658,0
659,0
660,0
661,0
662,0
663,0
664,0
665,0
666,0
667,0
668,0
669,0
670,0
671,0
672,0
673,0
674,0
675,0
676,0
677,0
678,0
679,0
680,0
681,0
682,0
683,0
684,0
685,0
686,0
687,0
688,0
689,0
690,0
691,0
692,0
693,0
694,0
695,0
696,0
697,0
698,0
699,0
700,0
701,0
702,0
703,0
704,0
705,0
706,0
707,0
708,0
709,0
710,0
711,0
712,0
713,0
714,0
715,0
716,0
717,0
718,0
719,0
720,0
721,0
722,0
723,0
724,0
725,1
726,1
727,0
728,0
729,0
730,0
731,0
732,0
733,0
734,1
735,0
736,0
737,0
738,0
739,0
740,0
741,0
742,0
743,0
744,0
745,0
746,0
747,0
748,0
749,0
750,0
751,0
752,0
753,0
754,0
755,0
756,0
757,0
758,0
759,0
760,0
761,0
762,0
763,0
764,0
765,0
766,0
767,0
768,0
769,0
770,0
771,0
772,0
773,0
774,0
775,0
776,0
777,0
778,0
779,0
780,0
781,0
782,0
783,0
784,1
785,0
786,0
787,0
788,0
789,0
790,0
791,0
792,0
793,0
794,0
795,0
796,0
797,0
798,0
799,0
800,0
801,0
802,0
803,0
804,0
805,1
806,0
807,0
808,0
809,0
810,0
811,0
812,0
813,0
814,0
815,0
816,0
817,0
818,0
819,0
820,0
821,0
822,0
823,0
824,0
825,0
826,0
827,0
828,0
829,0
830,0
831,0
832,0
833,0
834,1
835,0
836,0
837,0
838,0
839,0
840,0
841,0
842,1
843,1
844,1
845,0
846,0
847,0
848,0
849,0
850,0
851,1
852,0
853,1
854,0
855,0
856,0
857,0
858,0
859,0
860,0
861,0
862,0
863,0
864,0
865,0
866,0
867,0
868,0
869,0
870,0
871,1
872,0
873,0
874,0
875,0
876,1
877,0
878,0
879,0
880,0
881,0
882,0
883,0
884,0
885,0
886,0
887,0
888,0
889,0
890,0
891,0
892,0
893,0
894,0
895,0
896,0
897,0
898,1
899,0
900,0
901,0
902,1
903,1
904,0
905,0
906,0
907,0
908,0
909,0
910,0
911,0
912,0
913,0
914,0
915,0
916,0
917,0
918,0
919,0
920,0
921,0
922,0
923,0
924,0
925,0
926,0
927,0
928,0
929,0
930,0
931,0
932,0
933,0
934,0
935,0
936,0
937,0
938,0
939,0
940,0
941,0
942,0
943,0
944,0
945,0
946,0
947,0
948,0
949,0
950,0
951,0
952,0
953,0
954,1
955,0
956,0
957,0
958,0
959,0
960,0
961,0
962,0
963,0
964,0
965,0
966,0
967,0
968,0
969,0
970,0
971,0
972,0
973,0
974,0
975,0
976,0
977,0
978,0
979,0
980,0
981,0
982,0
983,0
984,0
985,0
986,0
987,0
988,1
989,0
990,0
991,0
992,0
993,0
994,0
995,0
996,0
997,0
998,0
999,0
1000,0
1001,0
1002,0
1003,0
1004,0
1005,0
1006,0
1007,0
1008,0
1009,0
1010,0
1011,0
1012,0
1013,0
1014,0
1015,0
1016,1
1017,0
1018,1
1019,0
1020,0
1021,0
1022,0
1023,0
1024,0
1025,0
1026,0
1027,0
1028,0
1029,0
1030,0
1031,0
1032,0
1033,0
1034,0
1035,0
1036,0
1037,0
1038,0
1039,0
1040,0
1041,0
1042,0
1043,0
1044,0
1045,0
1046,0
1047,0
1048,0
1049,0
1050,0
1051,0
1052,0
1053,0
1054,0
1055,0
1056,0
1057,0
1058,0
1059,0
1060,0
1061,0
1062,0
1063,0
1064,0
1065,0
1066,0
1067,1
1068,0
1069,0
1070,0
1071,0
1072,0
1073,0
1074,0
1075,1
1076,1
1077,1
1078,0
1079,0
1080,0
1081,0
1082,0
1083,1
1084,0
1085,0
1086,0
1087,0
1088,0
1089,0
1090,0
1091,0
1092,0
1093,0
1094,0
1095,0
1096,0
1097,0
1098,0
1099,0
1100,0
1101,0
1102,0
1103,0
1104,0
1105,0
1106,0
1107,0
1108,0
1109,0
1110,0
1111,0
1112,0
1113,0
1114,0
1115,0
1116,0
1117,0
1118,0
1119,0
1120,0
1121,0
1122,0
1123,0
1124,0
1125,0
1126,0
1127,0
1128,0
1129,0
1130,0
1131,0
1132,0
1133,0
1134,0
1135,0
1136,0
1137,0
1138,0
1139,0
1140,0
1141,0
1142,0
1143,0
1144,0
1145,0
1146,0
1147,0
1148,0
1149,0
1150,0
1151,0
1152,0
1153,0
1154,0
1155,0
1156,0
1157,0
1158,0
1159,0
1160,0
1161,0
1162,0
1163,0
1164,0
1165,0
1166,0
1167,0
1168,0
1169,0
1170,0
1171,0
1172,0
1173,0
1174,0
1175,0
1176,0
1177,0
1178,0
1179,0
1180,0
1181,0
1182,1
1183,0
1184,0
1185,0
1186,0
1187,1
1188,0
1189,0
1190,0
1191,0
1192,1
1193,0
1194,0
1195,0
1196,0
1197,1
1198,0
1199,0
1200,0
1201,0
1202,0
1203,1
1204,0
1205,0
1206,0
1207,0
1208,0
1209,0
1210,0
1211,0
1212,0
1213,0
1214,0
1215,0
1216,0
1217,0
1218,0
1219,0
1220,0
1221,0
1222,0
1223,0
1224,0
1225,0
1226,0
1227,0
1228,0
1229,0
1230,0
1231,0
1232,0
1233,0
1234,0
1235,0
1236,0
1237,0
1238,1
1239,0
1240,1
1241,1
1242,0
1243,0
1244,0
1245,1
1246,0
1247,0
1248,1
1249,0
1250,1
1251,0
1252,0
1253,0
1254,1
1255,0
1256,0
1257,1
1258,0
1259,0
1260,0
1261,0
1262,0
1263,0
1264,0
1265,0
1266,0
1267,0
1268,1
1269,0
1270,0
1271,0
1272,0
1273,0
1274,0
1275,0
1276,0
1277,0
1278,0
1279,0
1280,0
1281,0
1282,0
1283,0
1284,0
1285,0
1286,0
1287,0
1288,0
1289,0
1290,0
1291,0
1292,0
1293,0
1294,0
1295,0
1296,0
1297,0
1298,0
1299,0
1300,0
1301,0
1302,0
1303,1
1304,0
1305,1
1306,0
1307,0
1308,0
1309,0
1310,0
1311,0
1312,0
1313,0
1314,0
1315,0
1316,0
1317,0
1318,0
1319,0
1320,0
1321,0
1322,0
1323,0
1324,0
1325,0
1326,0
1327,0
1328,0
1329,0
1330,0
1331,0
1332,0
1333,0
1334,0
1335,0
1336,0
1337,0
1338,0
1339,0
1340,0
1341,0
1342,0
1343,0
1344,0
1345,0
1346,0
1347,0
1348,1
1349,1
1350,1
1351,0
1352,0
1353,0
1354,1
1355,0
1356,0
1357,0
1358,1
1359,1
1360,0
1361,1
1362,0
1363,0
1364,0
1365,0
1366,1
1367,0
1368,1
1369,0
1370,0
1371,0
1372,0
1373,0
1374,0
1375,0
1376,0
1377,0
1378,0
1379,0
1380,0
1381,0
1382,0
1383,0
1384,0
1385,0
1386,0
1387,0
1388,0
1389,1
1390,0
1391,0
1392,0
1393,0
1394,1
1395,1
1396,0
1397,0
1398,0
1399,0
1400,0
1401,0
1402,1
1403,1
1404,1
1405,0
1406,0
1407,1
1408,0
1409,1
1410,1
1411,1
1412,0
1413,1
1414,1
1415,0
1416,0
1417,0
1418,0
1419,0
1420,0
1421,0
1422,0
1423,1
1424,0
1425,1
1426,0
1427,0
1428,0
1429,0
1430,0
1431,0
1432,0
1433,0
1434,0
1435,0
1436,0
1437,0
1438,0
1439,0
1440,0
1441,0
1442,0
1443,0
1444,0
1445,0
1446,0
1447,0
1448,0
1449,0
1450,0
1451,0
1452,0
1453,0
1454,0
1455,0
1456,1
1457,0
1458,1
1459,1
1460,0
1461,0
1462,0
1463,0
1464,1
1465,1
1466,1
1467,1
1468,1
1469,1
1470,1
1471,1
1472,1
1473,0
1474,0
1475,0
1476,0
1477,0
1478,1
1479,0
1480,1
1481,0
1482,0
1483,0
1484,0
1485,0
1486,0
1487,0
1488,0
1489,0
1490,0
1491,0
1492,0
1493,0
1494,0
1495,0
1496,0
1497,0
1498,0
1499,0
1500,0
1501,0
1502,0
1503,0
1504,0
1505,0
1506,0
1507,0
1508,0
1509,0
1510,0
1511,0
1512,0
1513,0
1514,0
1515,1
1516,1
1517,0
1518,0
1519,0
1520,1
1521,1
1522,1
1523,1
1524,0
1525,0
1526,1
1527,1
1528,0
1529,1
1530,0
1531,0
1532,0
1533,1
1534,0
1535,0
1536,0
1537,0
1538,1
1539,0
1540,0
1541,0
1542,0
1543,0
1544,0
1545,0
1546,0
1547,0
1548,0
1549,0
1550,0
1551,0
1552,0
1553,0
1554,0
1555,0
1556,0
1557,0
1558,0
1559,0
1560,0
1561,1
1562,0
1563,0
1564,0
1565,0
1566,0
1567,0
1568,0
1569,1
1570,0
1571,1
1572,1
1573,1
1574,0
1575,1
1576,1
1577,0
1578,1
1579,1
1580,1
1581,1
1582,1
1583,1
1584,0
1585,1
1586,1
1587,0
1588,0
1589,0
1590,0
1591,0
1592,0
1593,0
1594,1
1595,0
1596,0
1597,0
1598,0
1599,0
1600,0
1601,0
1602,0
1603,0
1604,0
1605,0
1606,0
1607,0
1608,0
1609,0
1610,0
1611,0
1612,0
1613,0
1614,0
1615,0
1616,0
1617,0
1618,0
1619,1
1620,0
1621,0
1622,0
1623,0
1624,0
1625,0
1626,0
1627,1
1628,1
1629,1
1630,1
1631,1
1632,1
1633,0
1634,0
1635,0
1636,0
1637,1
1638,1
1639,1
1640,1
1641,1
1642,1
1643,1
1644,1
1645,1
1646,0
1647,0
1648,0
1649,0
1650,0
1651,0
1652,0
1653,0
1654,0
1655,0
1656,0
1657,0
1658,0
1659,0
1660,0
1661,0
1662,0
1663,0
1664,0
1665,0
1666,0
1667,0
1668,0
1669,0
1670,0
1671,0
1672,0
1673,0
1674,0
1675,0
1676,0
1677,0
1678,0
1679,0
1680,0
1681,0
1682,0
1683,0
1684,0
1685,0
1686,0
1687,0
1688,0
1689,0
1690,0
1691,0
1692,0
1693,0
1694,1
1695,1
1696,1
1697,0
1698,0
1699,1
1700,0
1701,1
1702,1
1703,1
1704,0
1705,1
1706,1
1707,0
1708,0
1709,0
1710,0
1711,0
1712,1
1713,1
1714,0
1715,0
1716,0
1717,0
1718,0
1719,0
1720,0
1721,0
1722,0
1723,0
1724,0
1725,0
1726,0
1727,0
1728,0
1729,0
1730,0
1731,0
1732,0
1733,0
1734,0
1735,0
1736,0
1737,0
1738,0
1739,0
1740,0
1741,0
1742,0
1743,0
1744,0
1745,0
1746,0
1747,0
1748,0
1749,1
1750,1
1751,1
1752,0
1753,1
1754,0
1755,0
1756,0
1757,1
1758,1
1759,1
1760,0
1761,0
1762,1
1763,0
1764,1
1765,1
1766,1
1767,1
1768,1
1769,1
1770,1
1771,1
1772,1
1773,0
1774,1
1775,0
1776,0
1777,0
1778,0
1779,0
1780,0
1781,0
1782,0
1783,0
1784,0
1785,0
1786,0
1787,0
1788,0
1789,0
1790,0
1791,0
1792,0
1793,0
1794,0
1795,0
1796,0
1797,0
1798,0
1799,0
1800,0
1801,0
1802,0
1803,0
1804,0
1805,0
1806,0
1807,0
1808,0
1809,0
1810,0
1811,1
1812,1
1813,0
1814,1
1815,0
1816,0
1817,0
1818,1
1819,0
1820,1
1821,1
1822,1
1823,1
1824,1
1825,1
1826,0
1827,1
1828,1
1829,1
1830,1
1831,0
1832,0
1833,1
1834,0
1835,0
1836,0
1837,1
1838,0
1839,0
1840,0
1841,0
1842,0
1843,0
1844,0
1845,0
1846,0
1847,0
1848,0
1849,1
1850,1
1851,1
1852,0
1853,0
1854,0
1855,0
1856,0
1857,0
1858,0
1859,0
1860,0
1861,0
1862,0
1863,0
1864,0
1865,0
1866,0
1867,0
1868,0
1869,0
1870,0
1871,0
1872,0
1873,1
1874,0
1875,0
1876,1
1877,0
1878,0
1879,1
1880,1
1881,1
1882,0
1883,1
1884,1
1885,1
1886,1
1887,1
1888,0
1889,0
1890,0
1891,1
1892,1
1893,1
1894,1
1895,1
1896,1
1897,1
1898,0
1899,1
1900,0
1901,0
1902,0
1903,0
1904,0
1905,0
1906,0
1907,1
1908,0
1909,0
1910,0
1911,0
1912,0
1913,0
1914,0
1915,0
1916,0
1917,0
1918,0
1919,0
1920,0
1921,0
1922,0
1923,0
1924,0
1925,0
1926,0
1927,0
1928,0
1929,0
1930,0
1931,0
1932,0
1933,0
1934,0
1935,0
1936,0
1937,0
1938,0
1939,0
1940,1
1941,0
1942,0
1943,1
1944,0
1945,0
1946,1
1947,0
1948,1
1949,1
1950,1
1951,0
1952,1
1953,1
1954,0
1955,1
1956,1
1957,0
1958,1
1959,1
1960,1
1961,0
1962,1
1963,0
1964,1
1965,1
1966,0
1967,1
1968,0
1969,0
1970,0
1971,0
1972,0
1973,0
1974,0
1975,0
1976,0
1977,0
1978,0
1979,0
1980,0
1981,0
1982,0
1983,0
1984,0
1985,0
1986,0
1987,0
1988,0
1989,0
1990,0
1991,0
1992,0
1993,0
1994,0
1995,0
1996,0
1997,0
1998,0
1999,0
2000,0
2001,0
2002,0
2003,0
2004,0
2005,0
2006,0
2007,1
2008,0
2009,0
2010,0
2011,0
2012,0
2013,0
2014,0
2015,1
2016,1
2017,1
2018,0
2019,0
2020,1
2021,0
2022,1
2023,1
2024,1
2025,1
2026,1
2027,1
2028,1
2029,1
2030,1
2031,0
2032,0
2033,1
2034,1
2035,0
2036,0
2037,1
2038,1
2039,0
2040,1
2041,0
2042,0
2043,0
2044,0
2045,0
2046,0
2047,0
2048,1
2049,1
2050,0
2051,0
2052,0
2053,0
2054,0
2055,0
2056,0
2057,0
2058,0
2059,1
2060,0
2061,0
2062,1
2063,0
2064,0
2065,0
2066,0
2067,0
2068,0
2069,0
2070,0
2071,0
2072,0
2073,0
2074,0
2075,0
2076,0
2077,0
2078,0
2079,1
2080,0
2081,0
2082,1
2083,1
2084,1
2085,0
2086,1
2087,1
2088,0
2089,0
2090,0
2091,0
2092,0
2093,1
2094,0
2095,1
2096,0
2097,0
2098,1
2099,1
2100,0
2101,1
2102,0
2103,1
2104,1
2105,1
2106,0
2107,0
2108,0
2109,0
2110,0
2111,0
2112,0
2113,1
2114,0
2115,1
2116,0
2117,1
2118,0
2119,0
2120,0
2121,0
2122,0
2123,0
2124,0
2125,0
2126,0
2127,0
2128,0
2129,0
2130,0
2131,0
2132,0
2133,0
2134,0
2135,0
2136,0
2137,0
2138,1
2139,0
2140,0
2141,0
2142,0
2143,0
2144,0
2145,0
2146,0
2147,0
2148,0
2149,0
2150,0
2151,1
2152,0
2153,0
2154,0
2155,0
2156,0
2157,0
2158,0
2159,1
2160,0
2161,0
2162,0
2163,0
2164,1
2165,0
2166,0
2167,0
2168,0
2169,1
2170,0
2171,1
2172,1
2173,0
2174,0
2175,0
2176,0
2177,0
2178,1
2179,0
2180,0
2181,0
2182,0
2183,0
2184,0
2185,0
2186,0
2187,0
2188,0
2189,0
2190,0
2191,0
2192,0
2193,0
2194,0
2195,0
2196,0
2197,0
2198,0
2199,0
2200,0
2201,0
2202,0
2203,0
2204,0
2205,1
2206,0
2207,1
2208,0
2209,0
2210,0
2211,0
2212,1
2213,0
2214,1
2215,1
2216,0
2217,1
2218,1
2219,1
2220,1
2221,0
2222,1
2223,0
2224,1
2225,0
2226,0
2227,1
2228,0
2229,0
2230,0
2231,0
2232,1
2233,0
2234,1
2235,0
2236,0
2237,1
2238,0
2239,1
2240,0
2241,1
2242,0
2243,1
2244,1
2245,1
2246,1
2247,0
2248,0
2249,0
2250,0
2251,0
2252,0
2253,0
2254,0
2255,0
2256,0
2257,0
2258,0
2259,0
2260,0
2261,0
2262,0
2263,0
2264,0
2265,0
2266,1
2267,0
2268,0
2269,1
2270,1
2271,1
2272,0
2273,1
2274,0
2275,0
2276,1
2277,1
2278,1
2279,1
2280,0
2281,1
2282,0
2283,1
2284,0
2285,0
2286,1
2287,1
2288,0
2289,1
2290,0
2291,0
2292,1
2293,0
2294,1
2295,1
2296,0
2297,1
2298,0
2299,1
2300,1
2301,1
2302,1
2303,1
2304,1
2305,1
2306,0
2307,0
2308,0
2309,0
2310,0
2311,1
2312,0
2313,0
2314,0
2315,0
2316,1
2317,0
2318,0
2319,0
2320,0
2321,0
2322,0
2323,1
2324,1
2325,0
2326,1
2327,0
2328,1
2329,0
2330,0
2331,0
2332,0
2333,0
2334,0
2335,0
2336,0
2337,0
2338,0
2339,0
2340,0
2341,0
2342,0
2343,0
2344,0
2345,1
2346,0
2347,0
2348,1
2349,1
2350,0
2351,0
2352,0
2353,0
2354,0
2355,1
2356,1
2357,1
2358,1
2359,0
2360,0
2361,0
2362,0
2363,1
2364,1
2365,0
2366,1
2367,0
2368,0
2369,0
2370,0
2371,0
2372,0
2373,1
2374,0
2375,0
2376,0
2377,0
2378,1
2379,0
2380,1
2381,0
2382,0
2383,1
2384,1
2385,1
2386,1
2387,0
2388,0
2389,1
2390,0
2391,0
2392,0
2393,0
2394,1
2395,1
2396,0
2397,0
2398,0
2399,0
2400,0
2401,0
2402,0
2403,0
2404,0
2405,0
2406,1
2407,1
2408,1
2409,1
2410,0
2411,0
2412,0
2413,0
2414,1
2415,1
2416,0
2417,0
2418,0
2419,0
2420,1
2421,1
2422,0
2423,0
2424,0
2425,0
2426,0
2427,1
2428,0
2429,0
2430,0
2431,0
2432,0
2433,0
2434,1
2435,1
2436,0
2437,0
2438,1
2439,1
2440,0
2441,1
2442,0
2443,0
2444,0
2445,0
2446,0
2447,0
2448,0
2449,1
2450,0
2451,1
2452,0
2453,0
2454,0
2455,0
2456,0
2457,0
2458,1
2459,0
2460,1
2461,0
2462,1
2463,1
2464,0
2465,0
2466,0
2467,0
2468,0
2469,0
2470,1
2471,1
2472,1
2473,0
2474,0
2475,0
2476,1
2477,1
2478,0
2479,0
2480,0
2481,0
2482,0
2483,1
2484,1
2485,0
2486,0
2487,0
2488,1
2489,0
2490,1
2491,1
2492,1
2493,0
2494,0
2495,1
2496,0
2497,1
2498,1
2499,0
2500,0
2501,0
2502,0
2503,0
2504,0
2505,0
2506,1
2507,1
2508,0
2509,0
2510,0
2511,1
2512,0
2513,0
2514,0
2515,1
2516,1
2517,0
2518,0
2519,0
2520,0
2521,0
2522,0
2523,0
2524,0
2525,0
2526,1
2527,1
2528,1
2529,1
2530,1
2531,1
2532,1
2533,1
2534,1
2535,0
2536,0
2537,0
2538,0
2539,0
2540,0
2541,0
2542,1
2543,0
2544,0
2545,0
2546,1
2547,0
2548,0
2549,0
2550,0
2551,0
2552,1
2553,1
2554,1
2555,0
2556,0
2557,0
2558,0
2559,0
2560,0
2561,0
2562,0
2563,0
2564,0
2565,0
2566,0
2567,0
2568,0
2569,0
2570,0
2571,0
2572,0
2573,0
2574,0
2575,0
2576,0
2577,0
2578,0
2579,0
2580,0
2581,0
2582,0
2583,1
2584,0
2585,0
2586,0
2587,1
2588,0
2589,1
2590,0
2591,0
2592,0
2593,0
2594,0
2595,0
2596,0
2597,0
2598,0
2599,0
2600,0
2601,0
2602,0
2603,1
2604,0
2605,0
2606,0
2607,0
2608,0
2609,0
2610,1
2611,0
2612,1
2613,0
2614,0
2615,0
2616,0
2617,0
2618,0
2619,0
2620,0
2621,0
2622,0
2623,0
2624,0
2625,0
2626,0
2627,0
2628,0
2629,0
2630,0
2631,0
2632,0
2633,0
2634,0
2635,0
2636,0
2637,0
2638,0
2639,0
2640,0
2641,0
2642,0
2643,0
2644,1
2645,1
2646,0
2647,1
2648,1
2649,1
2650,0
2651,0
2652,0
2653,0
2654,0
2655,1
2656,0
2657,0
2658,0
2659,0
2660,1
2661,0
2662,0
2663,0
2664,0
2665,0
2666,0
2667,1
2668,0
2669,0
2670,0
2671,1
2672,1
2673,0
2674,0
2675,0
2676,0
2677,0
2678,0
2679,0
2680,0
2681,0
2682,0
2683,1
2684,0
2685,1
2686,0
2687,0
2688,1
2689,1
2690,0
2691,0
2692,0
2693,0
2694,0
2695,0
2696,0
2697,0
2698,0
2699,0
2700,0
2701,1
2702,0
2703,0
2704,1
2705,1
2706,1
2707,1
2708,0
2709,1
2710,0
2711,0
2712,0
2713,0
2714,0
2715,0
2716,0
2717,0
2718,0
2719,0
2720,0
2721,0
2722,0
2723,0
2724,1
2725,0
2726,0
2727,0
2728,0
2729,0
2730,0
2731,0
2732,0
2733,0
2734,0
2735,0
2736,0
2737,0
2738,0
2739,0
2740,0
2741,0
2742,1
2743,0
2744,0
2745,1
2746,0
2747,0
2748,0
2749,0
2750,0
2751,0
2752,0
2753,0
2754,0
2755,1
2756,1
2757,0
2758,1
2759,0
2760,1
2761,1
2762,1
2763,1
2764,0
2765,0
2766,0
2767,0
2768,0
2769,0
2770,0
2771,0
2772,0
2773,0
2774,0
2775,0
2776,0
2777,0
2778,0
2779,0
2780,0
2781,0
2782,0
2783,0
2784,0
2785,0
2786,1
2787,0
2788,0
2789,0
2790,0
2791,0
2792,0
2793,0
2794,0
2795,0
2796,0
2797,1
2798,0
2799,1
2800,0
2801,0
2802,0
2803,0
2804,0
2805,0
2806,0
2807,0
2808,0
2809,0
2810,0
2811,0
2812,0
2813,0
2814,0
2815,0
2816,0
2817,1
2818,1
2819,0
2820,0
2821,0
2822,0
2823,0
2824,0
2825,0
2826,0
2827,0
2828,0
2829,0
2830,0
2831,0
2832,0
2833,0
2834,0
2835,0
2836,0
2837,1
2838,0
2839,0
2840,0
2841,0
2842,0
2843,0
2844,0
2845,0
2846,0
2847,0
2848,0
2849,0
2850,0
2851,0
2852,0
2853,0
2854,1
2855,0
2856,0
2857,0
2858,0
2859,0
2860,0
2861,0
2862,0
2863,0
2864,0
2865,0
2866,1
2867,0
2868,0
2869,1
2870,1
2871,0
2872,1
2873,1
2874,0
2875,0
2876,0
2877,0
2878,0
2879,0
2880,1
2881,0
2882,0
2883,0
2884,0
2885,0
2886,0
2887,0
2888,0
2889,1
2890,0
2891,1
2892,0
2893,0
2894,0
2895,0
2896,0
2897,0
2898,0
2899,0
2900,0
2901,1
2902,0
2903,0
2904,0
2905,1
2906,0
2907,1
2908,0
2909,0
2910,1
2911,0
2912,0
2913,0
2914,0
2915,0
2916,1
2917,0
2918,1
2919,1
2920,1
2921,1
2922,1
2923,1
2924,1
2925,0
2926,0
2927,0
2928,0
2929,0
2930,0
2931,0
2932,0
2933,0
2934,0
2935,0
2936,0
2937,0
2938,0
2939,0
2940,1
2941,0
2942,0
2943,0
2944,0
2945,0
2946,1
2947,0
2948,1
2949,0
2950,0
2951,0
2952,0
2953,0
2954,0
2955,1
2956,1
2957,1
2958,1
2959,0
2960,1
2961,0
2962,0
2963,0
2964,1
2965,1
2966,0
2967,1
2968,1
2969,1
2970,0
2971,0
2972,0
2973,0
2974,0
2975,0
2976,0
2977,0
2978,0
2979,0
2980,0
2981,0
2982,0
2983,0
2984,0
2985,0
2986,0
2987,0
2988,0
2989,0
2990,0
2991,1
2992,0
2993,0
2994,0
2995,0
2996,0
2997,0
2998,0
2999,0
3000,1
3001,0
3002,1
3003,1
3004,0
3005,1
3006,0
3007,0
3008,0
3009,0
3010,0
3011,0
3012,0
3013,0
3014,0
3015,1
3016,1
3017,0
3018,1
3019,0
3020,0
3021,0
3022,1
3023,0
3024,0
3025,0
3026,0
3027,0
3028,0
3029,0
3030,0
3031,0
3032,0
3033,0
3034,0
3035,0
3036,0
3037,0
3038,0
3039,0
3040,0
3041,0
3042,0
3043,1
3044,1
3045,0
3046,0
3047,0
3048,0
3049,0
3050,0
3051,0
3052,0
3053,0
3054,0
3055,0
3056,0
3057,0
3058,0
3059,0
3060,0
3061,0
3062,0
3063,0
3064,1
3065,0
3066,1
3067,1
3068,0
3069,1
3070,0
3071,1
3072,0
3073,1
3074,0
3075,1
3076,0
3077,0
3078,0
3079,0
3080,0
3081,0
3082,0
3083,0
3084,0
3085,0
3086,0
3087,0
3088,0
3089,0
3090,0
3091,1
3092,1
3093,1
3094,1
3095,1
3096,0
3097,1
3098,0
3099,0
3100,0
3101,0
3102,0
3103,0
3104,0
3105,0
3106,0
3107,0
3108,0
3109,0
3110,1
3111,0
3112,1
3113,0
3114,1
3115,0
3116,1
3117,1
3118,1
3119,0
3120,0
3121,0
3122,0
3123,0
3124,0
3125,0
3126,0
3127,0
3128,0
3129,0
3130,0
3131,0
3132,0
3133,0
3134,0
3135,0
3136,0
3137,0
3138,0
3139,0
3140,0
3141,0
3142,1
3143,0
3144,1
3145,1
3146,0
3147,0
3148,0
3149,0
3150,0
3151,0
3152,0
3153,0
3154,0
3155,0
3156,0
3157,0
3158,1
3159,1
3160,0
3161,0
3162,0
3163,0
3164,1
3165,0
3166,0
3167,0
3168,0
3169,0
3170,0
3171,0
3172,0
3173,0
3174,0
3175,0
3176,0
3177,0
3178,0
3179,1
3180,0
3181,1
3182,1
3183,0
3184,0
3185,0
3186,1
3187,1
3188,1
3189,0
3190,0
3191,0
3192,0
3193,0
3194,0
3195,0
3196,0
3197,0
3198,0
3199,0
3200,0
3201,0
3202,0
3203,1
3204,0
3205,0
3206,0
3207,0
3208,0
3209,1
3210,0
3211,0
3212,0
3213,0
3214,0
3215,0
3216,0
3217,0
3218,0
3219,0
3220,0
3221,0
3222,1
3223,0
3224,0
3225,1
3226,0
3227,1
3228,0
3229,0
3230,0
3231,0
3232,0
3233,0
3234,0
3235,0
3236,0
3237,0
3238,0
3239,0
3240,0
3241,0
3242,0
3243,0
3244,0
3245,0
3246,1
3247,0
3248,0
3249,1
3250,1
3251,1
3252,1
3253,1
3254,0
3255,0
3256,1
3257,1
3258,1
3259,0
3260,0
3261,0
3262,0
3263,0
3264,0
3265,1
3266,0
3267,0
3268,0
3269,0
3270,0
3271,0
3272,0
3273,0
3274,0
3275,0
3276,0
3277,0
3278,0
3279,0
3280,0
3281,0
3282,0
3283,0
3284,0
3285,1
3286,0
3287,0
3288,0
3289,1
3290,0
3291,0
3292,0
3293,0
3294,0
3295,0
3296,0
3297,0
3298,0
3299,0
3300,0
3301,0
3302,0
3303,0
3304,0
3305,0
3306,0
3307,0
3308,0
3309,0
3310,0
3311,0
3312,0
3313,0
3314,0
3315,0
3316,0
3317,0
3318,0
3319,0
3320,0
3321,0
3322,0
3323,0
3324,0
3325,0
3326,0
3327,0
3328,0
3329,0
3330,0
3331,0
3332,0
3333,0
3334,0
3335,0
3336,0
3337,0
3338,0
3339,0
3340,0
3341,0
3342,0
3343,0
3344,0
3345,0
3346,0
3347,0
3348,0
3349,0
3350,0
3351,0
3352,0
3353,0
3354,0
3355,0
3356,0
3357,0
3358,0
3359,0
3360,0
3361,0
3362,0
3363,0
3364,0
3365,0
3366,0
3367,0
3368,0
3369,0
3370,0
3371,0
3372,0
3373,0
3374,0
3375,0
3376,0
3377,0
3378,0
3379,0
3380,0
3381,0
3382,0
3383,0
3384,0
3385,0
3386,0
3387,0
3388,0
3389,0
3390,0
3391,0
3392,0
3393,0
3394,0
3395,0
3396,0
3397,0
3398,0
3399,0
3400,0
3401,0
3402,0
3403,0
3404,0
3405,0
3406,0
3407,0
3408,0
3409,0
3410,0
3411,0
3412,0
3413,0
3414,0
3415,0
3416,0
3417,0
3418,0
3419,0
3420,0
3421,0
3422,0
3423,0
3424,0
3425,0
3426,0
3427,0
3428,0
3429,0
3430,0
3431,0
3432,0
3433,0
3434,0
3435,0
3436,0
3437,0
3438,0
3439,0
3440,0
3441,0
3442,0
3443,0
3444,0
3445,0
